//Section   Type   Level   Dur   Skill   Luck   Option   Excellent   Ancient   OptionEx
7	        10	   0	   0	 0	     0	    0	     0           0         0            //Vine 
7	        11	   0	   0	 0	     0	    0	     0           0         0            //Silk 
7	        12	   0	   0	 0	     0	    0	     0           0         0            //Wind 
7	        13	   0	   0	 0	     0	    0	     0           0         0            //Spirit 
8	        10	   0	   0	 0	     0	    0	     0           0         0            //Vine 
8	        11	   0	   0	 0	     0	    0	     0           0         0            //Silk 
8	        12	   0	   0	 0	     0	    0	     0           0         0            //Wind 
8	        13	   0	   0	 0	     0	    0	     0           0         0            //Spirit 
9	        10	   0	   0	 0	     0	    0	     0           0         0            //Vine 
9	        11	   0	   0	 0	     0	    0	     0           0         0            //Silk 
9	        12	   0	   0	 0	     0	    0	     0           0         0            //Wind 
9	        13	   0	   0	 0	     0	    0	     0           0         0            //Spirit 
10	        10	   0	   0	 0	     0	    0	     0           0         0            //Vine 
10	        11	   0	   0	 0	     0	    0	     0           0         0            //Silk 
10	        12	   0	   0	 0	     0	    0	     0           0         0            //Wind 
10	        13	   0	   0	 0	     0	    0	     0           0         0            //Spirit 
11	        10	   0	   0	 0	     0	    0	     0           0         0            //Vine 
11	        11	   0	   0	 0	     0	    0	     0           0         0            //Silk 
11	        12	   0	   0	 0	     0	    0	     0           0         0            //Wind 
11	        13	   0	   0	 0	     0	    0	     0           0         0            //Spirit 
4	        0	   0	   0	 1	     0	    0	     0           0         0            //Short Bow
4	        4	   0	   0	 1	     0	    0	     0           0         0            //Tiger Bow
4	        5	   0	   0	 1	     0	    0	     0           0         0            //Silver Bow
12          8      0       1     0       0      0        0           0         0
12          9      0       1     0       0      0        0           0         0
12          10     0       1     0       0      0        0           0         0
12          11     0       1     0       0      0        0           0         0
12          11     1       1     0       0      0        0           0         0
12          11     2       1     0       0      0        0           0         0
12          11     3       1     0       0      0        0           0         0
12          11     4       1     0       0      0        0           0         0
12          17     0       0     0       0      0        0           0         0
4           7      0       255   0       0      0        0           0         0
4           15     0       255   0       0      0        0           0         0
end