1	"Warrior"	0	10	-1	-1	19	10	-1	-1	13	20	10	20	14	5	1	10	-1	-1	-1	-1	-1	-1	-1	-1	-1	-1	-1	-1	6	15	5	17	5	0	25	-1	-1	-1	-1	0	0	0	0	0	0	0
2	"Moros"	11	30	-1	-1	19	25	-1	-1	10	20	-1	-1	20	10	-1	-1	-1	-1	-1	-1	-1	-1	-1	-1	-1	-1	-1	-1	6	15	10	17	10	16	10	18	10	-1	-1	0	0	0	0	0	0	0
3	"Hyperion"	2	15	-1	-1	1	15	-1	-1	1	10	-1	-1	12	30	-1	-1	-1	-1	-1	-1	-1	-1	-1	-1	-1	-1	-1	-1	6	19	20	-1	-1	-1	-1	-1	-1	-1	-1	0	0	0	0	0	0	0
4	"Dione"	11	30	-1	-1	19	25	-1	-1	10	20	-1	-1	20	10	-1	-1	-1	-1	-1	-1	-1	-1	-1	-1	-1	-1	-1	-1	6	15	10	17	10	16	10	18	10	-1	-1	0	0	0	0	0	0	0
5	"Eplete"	19	15	-1	-1	9	50	-1	-1	7	5	-1	-1	11	50	-1	-1	-1	-1	-1	-1	-1	-1	-1	-1	-1	-1	-1	-1	6	13	30	15	10	17	10	-1	-1	-1	-1	0	0	0	0	0	0	0
6	"Hades"	11	30	-1	-1	19	25	-1	-1	10	20	-1	-1	20	10	-1	-1	-1	-1	-1	-1	-1	-1	-1	-1	-1	-1	-1	-1	6	15	10	17	10	16	10	18	10	-1	-1	0	0	0	0	0	0	0
7	"Garuda"	13	30	-1	-1	11	50	-1	-1	2	15	-1	-1	20	5	-1	-1	-1	-1	-1	-1	-1	-1	-1	-1	-1	-1	-1	-1	6	19	25	7	15	-1	-1	-1	-1	-1	-1	0	0	0	0	0	0	0
8	"Ophion"	11	30	-1	-1	19	25	-1	-1	10	20	-1	-1	20	10	-1	-1	-1	-1	-1	-1	-1	-1	-1	-1	-1	-1	-1	-1	6	15	10	17	10	16	10	18	10	-1	-1	0	0	0	0	0	0	0
9	"Kantata"	2	15	-1	-1	3	30	-1	-1	7	10	-1	-1	0	15	-1	-1	-1	-1	-1	-1	-1	-1	-1	-1	-1	-1	-1	-1	6	19	25	17	10	18	20	-1	-1	-1	-1	0	0	0	0	0	0	0
10	"Meter"	11	50	-1	-1	10	40	-1	-1	20	15	-1	-1	15	15	-1	-1	-1	-1	-1	-1	-1	-1	-1	-1	-1	-1	-1	-1	6	17	15	16	20	18	20	21	5	-1	-1	0	0	0	0	0	0	0
11	"Hyon"	10	25	-1	-1	18	20	-1	-1	19	20	-1	-1	20	10	-1	-1	-1	-1	-1	-1	-1	-1	-1	-1	-1	-1	-1	-1	6	15	15	17	15	16	20	-1	-1	-1	-1	0	0	0	0	0	0	0
12	"Hegaton"	11	50	-1	-1	10	40	-1	-1	20	15	-1	-1	15	15	-1	-1	-1	-1	-1	-1	-1	-1	-1	-1	-1	-1	-1	-1	6	17	15	16	20	18	20	21	5	-1	-1	0	0	0	0	0	0	0
13	"Apollo"	2	10	-1	-1	7	5	-1	-1	19	10	11	30	12	30	13	20	-1	-1	-1	-1	-1	-1	-1	-1	-1	-1	-1	-1	6	15	10	17	10	2	30	-1	-1	-1	-1	0	0	0	0	0	0	0
14	"Castol"	11	50	-1	-1	10	40	-1	-1	20	15	-1	-1	15	15	-1	-1	-1	-1	-1	-1	-1	-1	-1	-1	-1	-1	-1	-1	6	17	15	16	20	18	20	21	5	-1	-1	0	0	0	0	0	0	0
15	"Evis"	19	15	-1	-1	3	20	-1	-1	7	10	-1	-1	14	5	-1	-1	-1	-1	-1	-1	-1	-1	-1	-1	-1	-1	-1	-1	6	20	5	9	50	-1	-1	-1	-1	-1	-1	0	0	0	0	0	0	0
16	"Taros"	11	50	-1	-1	10	40	-1	-1	20	15	-1	-1	15	15	-1	-1	-1	-1	-1	-1	-1	-1	-1	-1	-1	-1	-1	-1	6	17	15	16	20	18	20	21	5	-1	-1	0	0	0	0	0	0	0
17	"Heras"	0	15	-1	-1	7	10	-1	-1	22	5	-1	-1	2	15	9	50	-1	-1	-1	-1	-1	-1	-1	-1	-1	-1	-1	-1	6	15	10	17	10	11	50	12	50	-1	-1	0	0	0	0	0	0	0
18	"Nemesis"	11	50	-1	-1	10	40	-1	-1	20	15	-1	-1	15	15	-1	-1	-1	-1	-1	-1	-1	-1	-1	-1	-1	-1	-1	-1	6	17	15	16	20	18	20	21	5	-1	-1	0	0	0	0	0	0	0
19	"Anubis"	18	20	-1	-1	12	50	-1	-1	7	10	-1	-1	20	10	-1	-1	-1	-1	-1	-1	-1	-1	-1	-1	-1	-1	-1	-1	6	15	15	17	15	16	20	-1	-1	-1	-1	0	0	0	0	0	0	0
20	"Amis"	11	50	-1	-1	10	40	-1	-1	20	15	-1	-1	-1	-1	-1	-1	-1	-1	-1	-1	-1	-1	-1	-1	-1	-1	-1	-1	5	15	15	17	15	16	20	18	20	21	5	0	0	0	0	0	0	0
21	"Ceto"	1	10	-1	-1	11	50	-1	-1	10	20	-1	-1	22	5	2	10	-1	-1	-1	-1	-1	-1	-1	-1	-1	-1	-1	-1	6	11	50	0	20	-1	-1	-1	-1	-1	-1	0	0	0	0	0	0	0
22	"Trite"	11	50	-1	-1	10	40	-1	-1	20	15	-1	-1	-1	-1	-1	-1	-1	-1	-1	-1	-1	-1	-1	-1	-1	-1	-1	-1	5	15	15	17	15	16	20	18	20	21	5	0	0	0	0	0	0	0
23	"Gaia"	19	10	-1	-1	12	25	-1	-1	0	10	-1	-1	20	5	-1	-1	-1	-1	-1	-1	-1	-1	-1	-1	-1	-1	-1	-1	6	1	30	17	10	18	10	-1	-1	-1	-1	0	0	0	0	0	0	0
24	"Fury"	19  25	-1	-1	0	50 	-1	-1	20  25	8	50	15  25	17  25	-1	-1	-1	-1	-1	-1	-1	-1	-1	-1	-1	-1	6	21  10	10  30	16  30	18  30	-1	-1	0	0	0	0	0	0	0
25	"Odin"	2	15	-1	-1	11	50	-1	-1	9	50	-1	-1	1	30	-1	-1	-1	-1	-1	-1	-1	-1	-1	-1	-1	-1	-1	-1	6	12	50	21	5	13	50	-1	-1	-1	-1	0	0	0	0	0	0	0
26	"Speed"	19  30	-1	-1	1	70 	-1	-1	20  30	8	75	15  30	17  30	-1	-1	-1	-1	-1	-1	-1	-1	-1	-1	-1	-1	6	21  15	10  35	16  35	18  50	-1	-1	0	0	0	0	0	0	0
27	"Argo"	6	20	-1	-1	19	25	-1	-1	20	5	-1	-1	8	30	-1	-1	-1	-1	-1	-1	-1	-1	-1	-1	-1	-1	-1	-1	6	13	50	-1	-1	-1	-1	-1	-1	-1	-1	0	0	0	0	0	0	0
28	"Transcendence"	19  25	-1	-1	2	50 	-1	-1	20  25	8	50	15  25	17  25	-1	-1	-1	-1	-1	-1	-1	-1	-1	-1	-1	-1	6	21  10	10  30	16  30	18  30	-1	-1	0	0	0	0	0	0	0
29	"Gywen"	3	30	-1	-1	5	20	-1	-1	10	20	-1	-1	6	20	-1	-1	-1	-1	-1	-1	-1	-1	-1	-1	-1	-1	-1	-1	6	15	15	17	15	16	20	18	20	-1	-1	0	0	0	0	0	0	0
30	"Flurry"	19  25	-1	-1	1	50 	-1	-1	20  25	8	50	15  25	17  25	-1	-1	-1	-1	-1	-1	-1	-1	-1	-1	-1	-1	6	21  10	10  30	16  30	18  30	-1	-1	0	0	0	0	0	0	0
31	"Gaion"	21	5	-1	-1	18	30	-1	-1	19	15	-1	-1	-1	-1	-1	-1	-1	-1	-1	-1	-1	-1	-1	-1	-1	-1	-1	-1	5	17	15	7	10	0	30	20	15	-1	-1	0	0	0	0	0	0	0
32	"Extremity"	19  25	0	50	20  25	8	50	15  25	17  25	-1	-1	-1	-1	-1	-1	-1	-1	-1	-1	-1	-1	-1	-1	-1	-1	5	21  10	10  30	16  30	18  30	-1	-1	0	0	0	0	0	0	0
33	"Agnis"	20	10	-1	-1	10	40	-1	-1	19	20	-1	-1	22	5	-1	-1	-1	-1	-1	-1	-1	-1	-1	-1	-1	-1	-1	-1	6	15	15	17	15	16	20	18	20	-1	-1	0	0	0	0	0	0	0
34	"Conquest"	19  25	-1	-1	4	50 	-1	-1	20  25	8	50	15  25	17  25	-1	-1	-1	-1	-1	-1	-1	-1	-1	-1	-1	-1	6	21  10	10  30	16  30	18  30	-1	-1	0	0	0	0	0	0	0
35	"Courage"	19  30	-1	-1	0	70 	-1	-1	20  30	8	75	15  30	17  30	-1	-1	-1	-1	-1	-1	-1	-1	-1	-1	-1	-1	6	21  15	10  35	16  35	18  50	-1	-1	0	0	0	0	0	0	0
36	"Protection"	19  35	-1	-1	0	90 	-1	-1	20  35	8	100	15  35	17  35	-1	-1	-1	-1	-1	-1	-1	-1	-1	-1	-1	-1	6	21  20	10  40	16  40	18  70	-1	-1	0	0	0	0	0	0	0
37	"Bragi"	19  40	-1	-1	0	100	-1	-1	20  40	8	110	15  40	17  40	-1	-1	-1	-1	-1	-1	-1	-1	-1	-1	-1	-1	6	21  25	10  50	16  50	18  80	-1	-1	0	0	0	0	0	0	0
38	"Honor"	19  25	-1	-1	2	50 	-1	-1	20  25	8	50	15  25	17  25	-1	-1	-1	-1	-1	-1	-1	-1	-1	-1	-1	-1	6	21  10	10  30	16  30	18  30	-1	-1	0	0	0	0	0	0	0
39	"Vega"	9	50	-1	-1	3	50	-1	-1	6	30	-1	-1	-1	-1	-1	-1	-1	-1	-1	-1	-1	-1	-1	-1	-1	-1	-1	-1	5	17	15	20	5	21	4	-1	-1	-1	-1	0	0	0	0	0	0	0
40	"Destruction"	19  25	3	50	20  25	8	50	15  25	17  25	-1	-1	-1	-1	-1	-1	-1	-1	-1	-1	-1	-1	-1	-1	-1	-1	5	21  10	10  30	16  30	18  30	-1	-1	0	0	0	0	0	0	0
41	"Will"	19  30	3	70	20  30	8	75	15  30	17  30	-1	-1	-1	-1	-1	-1	-1	-1	-1	-1	-1	-1	-1	-1	-1	-1	5	21  15	10  35	16  35	18  50	-1	-1	0	0	0	0	0	0	0
42	"Wisdom"	19  30	-1	-1	2	70 	-1	-1	20  30	8	75	15  30	17  30	-1	-1	-1	-1	-1	-1	-1	-1	-1	-1	-1	-1	6	21  15	10  35	16  35	18  50	-1	-1	0	0	0	0	0	0	0
43	"Tranquil"	19  35	-1	-1	2	90 	-1	-1	20  35	8	100	15  35	17  35	-1	-1	-1	-1	-1	-1	-1	-1	-1	-1	-1	-1	6	21  20	10  40	16  40	18  70	-1	-1	0	0	0	0	0	0	0
44	"Alvis"	19  40	-1	-1	2	100	-1	-1	20  40	8	110	15  40	17  40	-1	-1	-1	-1	-1	-1	-1	-1	-1	-1	-1	-1	6	21  25	10  50	16  50	18  80	-1	-1	0	0	0	0	0	0	0
45	"Muscular"	19  35	3	90	20  35	8	100	15  35	17  35	-1	-1	-1	-1	-1	-1	-1	-1	-1	-1	-1	-1	-1	-1	-1	-1	5	21  20	10  40	16  40	18  70	-1	-1	0	0	0	0	0	0	0
46	"Determination"	19  30	0	70	20  30	8	75	15  30	17  30	-1	-1	-1	-1	-1	-1	-1	-1	-1	-1	-1	-1	-1	-1	-1	-1	5	21  15	10  35	16  35	18  50	-1	-1	0	0	0	0	0	0	0
47	"Solid"	19  35	0	90	20  35	8	100	15  35	17  35	-1	-1	-1	-1	-1	-1	-1	-1	-1	-1	-1	-1	-1	-1	-1	-1	5	21  20	10  40	16  40	18  70	-1	-1	0	0	0	0	0	0	0
48	"Tyr"	19  40	0	100	20  40	8	110	15  40	17  40	-1	-1	-1	-1	-1	-1	-1	-1	-1	-1	-1	-1	-1	-1	-1	-1	5	21  25	10  50	16  50	18  80	-1	-1	0	0	0	0	0	0	0
49	"Retribution"	19  40	3	100	20  40	8	110	15  40	17  40	-1	-1	-1	-1	-1	-1	-1	-1	-1	-1	-1	-1	-1	-1	-1	-1	5	21  25	10  50	16  50	18  80	-1	-1	0	0	0	0	0	0	0
50	"Justice"	19  30	-1	-1	4	70 	-1	-1	20  30	8	75	15  30	17  30	-1	-1	-1	-1	-1	-1	-1	-1	-1	-1	-1	-1	6	21  15	10  35	16  35	18  50	-1	-1	0	0	0	0	0	0	0
51	"Determined"	19  35	-1	-1	4	90 	-1	-1	20  35	8	100	15  35	17  35	-1	-1	-1	-1	-1	-1	-1	-1	-1	-1	-1	-1	6	21  20	10  40	16  40	18  70	-1	-1	0	0	0	0	0	0	0
52	"Surt"	19  40	-1	-1	4	100	-1	-1	20  40	8	110	15  40	17  40	-1	-1	-1	-1	-1	-1	-1	-1	-1	-1	-1	-1	6	21  25	10  50	16  50	18  80	-1	-1	0	0	0	0	0	0	0
53	"Salvific"	19  35	-1	-1	1	90 	-1	-1	20  35	8	100	15  35	17  35	-1	-1	-1	-1	-1	-1	-1	-1	-1	-1	-1	-1	6	21  20	10  40	16  40	18  70	-1	-1	0	0	0	0	0	0	0
54	"Blossom"	16	-101	1	-101	8	-101	3	-101	18	-101	9	-101	10	-101	9	-101	-1	-1	-1	-1	-1	-1	-1	-1	-1	-1	-1	-1	6	15	14	21	6	7	53	17	14	20	16	0	0	0	0	0	0	0
55	"Chaos"	19  30	-1	-1	2	70 	-1	-1	20  30	8	75	15  30	17  30	-1	-1	-1	-1	-1	-1	-1	-1	-1	-1	-1	-1	6	21  15	10  35	16  35	18  50	-1	-1	0	0	0	0	0	0	0
56	"Guardian"	19  35	-1	-1	2	90 	-1	-1	20  35	8	100	15  35	17  35	-1	-1	-1	-1	-1	-1	-1	-1	-1	-1	-1	-1	6	21  20	10  40	16  40	18  70	-1	-1	0	0	0	0	0	0	0
57	"Elune"	19  40	-1	-1	2	100	-1	-1	20  40	8	110	15  40	17  40	-1	-1	-1	-1	-1	-1	-1	-1	-1	-1	-1	-1	6	21  25	10  50	16  50	18  80	-1	-1	0	0	0	0	0	0	0
58	"Chrono"	20	20	-1	-1	10	60	-1	-1	19	30	-1	-1	15	15	-1	-1	-1	-1	-1	-1	-1	-1	-1	-1	-1	-1	-1	-1	6	17	15	16	20	18	20	-1	-1	-1	-1	0	0	0	0	0	0	0
59	"Frigg"	19  40	-1	-1	1	100	-1	-1	20  40	8	110	15  40	17  40	-1	-1	-1	-1	-1	-1	-1	-1	-1	-1	-1	-1	6	21  25	10  50	16  50	18  80	-1	-1	0	0	0	0	0	0	0

60	"Corvus" 	0 	10	-1	-1	0 	20	-1	-1	0 	30	-1	-1	11	50 	-1	-1	-1	-1	-1	-1	-1	-1	-1	-1	-1	-1	-1	-1	6	5 	30	23	6 	20	3  	19	50	-1	-1	0	0	0	0	0	0	0
61	"Toxico" 	20	1 	-1	-1	20	2 	-1	-1	20	3 	-1	-1	2 	10 	-1	-1	-1	-1	-1	-1	-1	-1	-1	-1	-1	-1	-1	-1	6	21	1 	15	8 	17	8  	22	8 	-1	-1	0	0	0	0	0	0	0
62	"Deus"   	5 	40	-1	-1	6 	40	-1	-1	5 	50	-1	-1	6 	50 	-1	-1	-1	-1	-1	-1	-1	-1	-1	-1	-1	-1	-1	-1	6	15	7 	17	7 	11	50 	10	20	-1	-1	0	0	0	0	0	0	0
63	"Virtus" 	0 	20	1 	20	2 	20	3 	20	-1	-1 	-1	-1	-1	-1 	-1	-1	-1	-1	-1	-1	-1	-1	-1	-1	-1	-1	-1	-1	5	20	1 	7 	1 	23	6  	17	12	-1	-1	0	0	0	0	0	0	0
64	"Calidus"	22	2 	-1	-1	10	20	-1	-1	0 	30	-1	-1	11	70 	-1	-1	-1	-1	-1	-1	-1	-1	-1	-1	-1	-1	-1	-1	6	19	40	16	80	15	11 	2 	60	-1	-1	0	0	0	0	0	0	0
65	"Akanfo" 	17	8 	-1	-1	17	9 	-1	-1	17	10	-1	-1	20	12 	-1	-1	-1	-1	-1	-1	-1	-1	-1	-1	-1	-1	-1	-1	6	19	80	10	40	12	200	7 	13	-1	-1	0	0	0	0	0	0	0
66	"Magni"  	6 	5 	6 	10	6 	15	11	100	-1	-1	-1	-1	-1	-1	-1	-1	-1	-1	-1	-1	-1	-1	-1	-1	-1	-1	-1	-1	5	10	50	18	10	17	8  	8 	60	-1	-1	0	0	0	0	0	0	0

67	"Soul"	19  45	-1	-1	0	110	-1	-1	20  45	8	125	15  45	17  45	-1	-1	-1	-1	-1	-1	-1	-1	-1	-1	-1	-1	6	21  30	10  60	16  60	18  90	-1	-1	0	0	0	0	0	0	0
68	"Soul"	19  45	-1	-1	2	110	-1	-1	20  45	8	125	15  45	17  45	-1	-1	-1	-1	-1	-1	-1	-1	-1	-1	-1	-1	6	21  30	10  60	16  60	18  90	-1	-1	0	0	0	0	0	0	0
69	"Soul"	19  45	-1	-1	1	110	-1	-1	20  45	8	125	15  45	17  45	-1	-1	-1	-1	-1	-1	-1	-1	-1	-1	-1	-1	6	21  30	10  60	16  60	18  90	-1	-1	0	0	0	0	0	0	0
70	"Soul"	19  45	-1	-1	2	110	-1	-1	20  45	8	125	15  45	17  45	-1	-1	-1	-1	-1	-1	-1	-1	-1	-1	-1	-1	6	21  30	10  60	16  60	18  90	-1	-1	0	0	0	0	0	0	0
71	"Soul"	19  45	0	110	20  45	8	125	15  45	17  45	-1	-1	-1	-1	-1	-1	-1	-1	-1	-1	-1	-1	-1	-1	-1	-1	5	21  30	10  60	16  60	18  90	-1	-1	0	0	0	0	0	0	0
72	"Soul"	19  45	-1	-1	4	110	-1	-1	20  45	8	125	15  45	17  45	-1	-1	-1	-1	-1	-1	-1	-1	-1	-1	-1	-1	6	21  30	10  60	16  60	18  90	-1	-1	0	0	0	0	0	0	0
73	"Soul"	19  45	3	110	20  45	8	125	15  45	17  45	-1	-1	-1	-1	-1	-1	-1	-1	-1	-1	-1	-1	-1	-1	-1	-1	5	21  30	10  60	16  60	18  90	-1	-1	0	0	0	0	0	0	0

74	"Heart"	19  50	-1	-1	0	120	-1	-1	20  50	8	135	15  50	17  50	-1	-1	-1	-1	-1	-1	-1	-1	-1	-1	-1	-1	6	21  35	10  70	16  70	18  100	-1	-1	0	0	0	0	0	0	0
75	"Heart"	19  50	-1	-1	2	120	-1	-1	20  50	8	135	15  50	17  50	-1	-1	-1	-1	-1	-1	-1	-1	-1	-1	-1	-1	6	21  35	10  70	16  70	18  100	-1	-1	0	0	0	0	0	0	0
76	"Heart"	19  50	-1	-1	1	120	-1	-1	20  50	8	135	15  50	17  50	-1	-1	-1	-1	-1	-1	-1	-1	-1	-1	-1	-1	6	21  35	10  70	16  70	18  100	-1	-1	0	0	0	0	0	0	0
77	"Heart"	19  50	-1	-1	2	120	-1	-1	20  50	8	135	15  50	17  50	-1	-1	-1	-1	-1	-1	-1	-1	-1	-1	-1	-1	6	21  35	10  70	16  70	18  100	-1	-1	0	0	0	0	0	0	0
78	"Heart"	19  50	0	120	20  50	8	135	15  50	17  50	-1	-1	-1	-1	-1	-1	-1	-1	-1	-1	-1	-1	-1	-1	-1	-1	5	21  35	10  70	16  70	18  100	-1	-1	0	0	0	0	0	0	0
79	"Heart"	19  50	-1	-1	4	120	-1	-1	20  50	8	135	15  50	17  50	-1	-1	-1	-1	-1	-1	-1	-1	-1	-1	-1	-1	6	21  35	10  70	16  70	18  100	-1	-1	0	0	0	0	0	0	0
80	"Heart"	19  50	3	120	20  50	8	135	15  50	17  50	-1	-1	-1	-1	-1	-1	-1	-1	-1	-1	-1	-1	-1	-1	-1	-1	5	21  35	10  70	16  70	18  100	-1	-1	0	0	0	0	0	0	0

81	"Jasper"	7   5	-1	-1	-1	-1	-1	-1	-1	-1	-1	-1	-1	-1	-1	-1	-1	-1	-1	-1	-1	-1	-1	-1	-1	-1	-1	-1	6	20	5	21	5	-1	-1	-1	-1	-1	-1	0	0	0	0	0	0	0
82	"Lazuli"	7   5	-1	-1	-1	-1	-1	-1	-1	-1	-1	-1	-1	-1	-1	-1	-1	-1	-1	-1	-1	-1	-1	-1	-1	-1	-1	-1	6	20	5	21	5	-1	-1	-1	-1	-1	-1	0	0	0	0	0	0	0
83	"Battle"	7   5	-1	-1	-1	-1	-1	-1	-1	-1	-1	-1	-1	-1	-1	-1	-1	-1	-1	-1	-1	-1	-1	-1	-1	-1	-1	-1	6	20	5	21	5	-1	-1	-1	-1	-1	-1	0	0	0	0	0	0	0

84	"Roaring"	19  55	-1	-1	0	130	-1	-1	20  55	8	140	15  55	17  55	-1	-1	-1	-1	-1	-1	-1	-1	-1	-1	-1	-1	6	21  40	10  80	16  80	18  110	-1	-1	0	0	0	0	0	0	0
85	"Roaring"	19  55	-1	-1	2	130	-1	-1	20  55	8	140	15  55	17  55	-1	-1	-1	-1	-1	-1	-1	-1	-1	-1	-1	-1	6	21  40	10  80	16  80	18  110	-1	-1	0	0	0	0	0	0	0
86	"Roaring"	19  55	-1	-1	1	130	-1	-1	20  55	8	140	15  55	17  55	-1	-1	-1	-1	-1	-1	-1	-1	-1	-1	-1	-1	6	21  40	10  80	16  80	18  110	-1	-1	0	0	0	0	0	0	0
87	"Roaring"	19  55	-1	-1	2	130	-1	-1	20  55	8	140	15  55	17  55	-1	-1	-1	-1	-1	-1	-1	-1	-1	-1	-1	-1	6	21  40	10  80	16  80	18  110	-1	-1	0	0	0	0	0	0	0
88	"Roaring"	19  55	0	130	20  55	8	140	15  55	17  55	-1	-1	-1	-1	-1	-1	-1	-1	-1	-1	-1	-1	-1	-1	-1	-1	5	21  40	10  80	16  80	18  110	-1	-1	0	0	0	0	0	0	0
89	"Roaring"	19  55	-1	-1	4	130	-1	-1	20  55	8	140	15  55	17  55	-1	-1	-1	-1	-1	-1	-1	-1	-1	-1	-1	-1	6	21  40	10  80	16  80	18  110	-1	-1	0	0	0	0	0	0	0
90	"Roaring"	19  55	3	130	20  55	8	140	15  55	17  55	-1	-1	-1	-1	-1	-1	-1	-1	-1	-1	-1	-1	-1	-1	-1	-1	5	21  40	10  80	16  80	18  110	-1	-1	0	0	0	0	0	0	0

end
